-0.081
-0.027
-0.083
0.018
0.015
0.036
0.119
0.468
0.127
0.296
0.04
-0.054
0.173
-0.075
0.088
-0.216
1.199
0.894
0.556
0.487
0.292
0.578
0.161
-0.314
-1.067
-0.264
-0.189
-0.33
-0.147
-0.639
-0.323
-0.286
0.097
0.394
0.744
0.238
0.263
0.326
0.47
-0.143
-0.022
0.034
0.111
-0.113
-0.073
-0.182
-0.125
-0.01
-0.014
-0.088
0.006
-0.085
-0.066
-0.064
0.056
-0.069
0.094
-0.038
-0.061
-0.022
-0.095
-0.058
0.064
-0.063
-0.052
0.031
-0.034
0.011
0.042
0.053
0.032
0.078
0.074
0.097
0.006
0.056
-0.017
0.024
-0.059
0.023
0.085
-0.065
0.028
-0.023
-0.055
0.032
0.077
-0.02
-0.038
0.07
0.068
-0.044
0.042
0.092
-0.053
-0.008
-0.075
0.058
0.102
-0.015
-0.018
0.061
-0.096
-0.099
0.035
0.063
-0.108
-0.053
0.023
0.091
-0.066
-0.039
-0.065
0.027
-0.029
0.026
-0.063
0.021
-0.08
-0.026
-0.038
0.009
-0.059
-0.066
0.096
0.082
0.06
0.016
0.089
0.015
-0.079
-0.07
0.025
-0.004
-0.068
-0.043
0
-0.05
-0.041
0.081
-0.055
0.066
0.086
0.043
0.012
-0.088
-0.024
-0.033
-0.002
0.047
0.096
0.01
-0.027
-0.039
0.022
-0.047
0.118
0.113
0.035
0.063
0.046
0.044
-0.076
-0.062
0.005
0.04
-0.062
-0.058
0.048
-0.05
-0.084
-0.052
-0.02
-0.001
-0.013
-0.094
-0.011
-0.017
-0.038
0.049
0
-0.024
0.076
0.086
-0.007
0.097
0.062
0.063
-0.064
0.016
-0.097
-0.095
0.058
0.083
0.046
-0.044
-0.019
0.077
0.092
-0.087
-0.089
0.001
-0.079
-0.073
-0.077
0.05
0.059
0.002
0.075
-0.004
0.016
0.061
0.06
0.098
-0.043
0.058
-0.072
0.023
-0.014
0.059
-0.041
0.026
-0.047
-0.091
-0.068
-0.03
0.002
0.037
-0.068
0.012
0.035
0.032
0.08
-0.051
0.005
0.087
0.036
-0.045
-0.062
-0.076
-0.015
-0.082
-0.074
0.016
-0.063
0.083
0.055
0.066
-0.085
0.025
0.033
0.075
0.016
0.058
-0.062
0.017
-0.031
0.058
-0.076
-0.065
-0.054
0.048
-0.02
-0.079
0.01
-0.109
-0.055
0.087
0.007
-0.037
-0.051
0.04
0.039
0.108
0.058
-0.036
-0.026
0.048
0.044
-0.063
0.008
0.052
0.086
-0.08
-0.002
0.082
-0.067
-2.23517e-10
-0.041
-0.058
-0.086
0.079
0.083
0.088
-0.008
-0.011
-0.105
0.018
-0.073
-0.058
-0.079
-0.032
-0.05
0.016
0.015
-0.079
0.071
0.021
-0.044
0.094
0.024
-0.052
-0.048
0.096
0.038
-0.036
-0.078
0.055
-0.072
0.039
-0.065
0.052
-0.083
-0.004
-0.01
-0.101
0.108
0.024
0.061
-0.025
0.017
0.098
-0.063
0.099
0.083
0.064
0.068
-0.076
-0.097
0.077
-0.006
-0.052
0.088
-0.037
0.052
0.013
0.007
-0.063
-0.097
-0.008
-0.054
0.07
0.032
-0.053
-0.031
0.04
0.003
0.063
0.047
0.073
0.02
-0.062
0.098
-0.009
0.099
0.071
-0.053
0.05
-0.055
0.002
-0.078
-0.032
-0.075
-0.013
0.064
-0.02
-0.095
-0.061
-0.092
-0.009
0.087
-0.034
0.04
0.084
-0.053
0.01
-0.05
0.004
-0.098
-0.017
0.092
-0.067
0.007
-0.093
0.06
0.054
0.02
0.038
0.011
0.112
-0.005
-0.087
0.076
0.002
0.036
0.035
-0.051
0.054
-0.02
0.081
0.032
-0.099
0.075
0.102
0.027
0.053
-0.008
0.009
0.008
0.034
-0.02
0.092
0.025
0.016
-0.004
0.016
0.085
0.11
-0.065
-0.089
-0.073
0.045
0.024
-0.097
-0.014
0.004
-0.041
-0.086
0.042
-0.046
0.03
0.095
0.088
-0.003
-0.02
-0.082
-0.032
0.01
-0.042
-0.071
0.07
0.019
0.079
0.044
-0.019
0.107
-0.018
-0.089
-0.036
-0.066
0.019
-0.117
-0.075
-0.09
0.058
-0.093
-0.06
0.017
-0.048
0.004
-0.058
-0.014
0.05
0.023
-0.066
-0.069
-0.016
0.014
-0.083
0.012
-0.029
-0.059
0.095
-0.036
-0.086
0.04
-0.111
-0.026
0.04
-0.045
0.038
0.069
-0.01
-0.06
0.044
0.073
-0.024
-0.051
-0.001
-0.032
0.076
-0.082
0.053
-0.07
0.002
0.056
-0.028
0.092
-0.034
-0.084
0.097
-0.039
0.043
-0.105
0.027
0.016
0.06
0.016
-0.105
0.025
0.018
-0.041
0.015
0.055
-0.05
0.06
-0.054
0.075
-0.073
0.078
0.048
-0.077
0.09
0.044
-0.065
-0.086
0.015
0.05
-0.099
-0.029
0.049
-0.103
0.038
-0.008
0.025
-0.053
0.075
-0.045
-0.052
0.026
-0.079
-0.045
-0.084
-0.011
0.061
-0.045
0.003
-0.092
0.038
0.082
-0.06
-0.028
-0.043
0.05
-0.053
0.01
0.02
0.012
0.064
-0.083
-0.058
-0.059
0.067
0.036
-0.009
0.103
-0.005
0.014
0.026
0.08
-0.054
-0.064
-0.006
0.041
-0.019
0.03
0.081
-0.098
-0.008
-0.012
-0.084
0.051
-0.062
0.011
0.066
0.043
-0.091
0.079
0.012
-0.049
-0.095
0.013
0.103
0.054
-0.036
0.059
0.01
0.02
-0.018
-0.082
0.053
-0.047
0.031
-0.074
0.093
0.056
-0.042
0.048
0.054
0.037
-0.04
0.057
-0.108
-0.04
0.048
-0.067
-0.075
0.02
0.044
0.088
0.055
0.085
0.099
0.077
0.031
0.007
-0.03
-0.094
-0.044
0.011
0.066
-0.018
0.088
0.033
0
-0.022
0.088
-0.075
-0.004
0.003
0.086
0.094
0.065
-0.045
-0.066
0.081
0.015
-0.064
0.039
0.041
0.06
-0.024
0.016
0.024
0.017
0.019
-0.07
0.027
-0.063
0.008
0.003
0.059
-0.029
-0.042
0.012
-0.017
-0.074
0.061
0.011
-0.051
0.038
0.024
-0.055
0.122
-0.011
0.067
-0.051
-0.082
-0.086
-0.031
0.062
0.043
0.027
-0.007
0.074
0.037
-0.112
0.059
-0.002
-0.023
-0.001
-0.098
0.005
-0.036
0.089
0.081
-0.022
-0.077
-0.074
-0.001
0.098
0.024
-0.038
-0.077
-0.078
0.089
-0.004
-0.004
0.033
0.065
-0.045
0.043
0.045
-0.087
0.006
0.029
-0.065
0.058
-0.005
-0.047
-0.026
-0.093
0.076
-0.024
0.031
-0.028
0.015
-0.068
-0.019
0.077
-0.019
0.015
0.076
0.077
-0.06
-0.042
0.027
0.067
-0.006
0.098
-0.088
-0.055
-0.071
-0.089
0.014
0.014
-0.081
-0.03
0.011
-0.036
-0.04
0.043
-0.051
-0.012
-0.063
0.091
-0.042
0.033
0.056
-0.046
0.072
-0.061
0.038
-0.04
-0.09
0.05
0.058
0.085
0.039
-0.037
0.097
0.013
-0.067
-0.094
-999
-0.09
0.017
0.077
-0.051
-0.009
0.049
-0.219
-0.431
-0.256
-0.287
-0.031
-0.059
-0.186
0.044
-0.029
0.171
-0.554
-0.471
-0.187
-0.447
-0.169
-0.394
-0.097
0.551
1.269
0.33
0.068
0.202
-0.048
0.42
0.157
-0.36
-0.026
-0.114
-0.454
-0.148
-0.137
-0.06
-0.208
-0.033
0.003
-0.269
-0.235
0.015
0.157
0.202
0.141
0.12
-0.084
-0.041
-0.097
-0.073
-0.001
-0.051
0.063
-0.089
-0.057
0.013
0.047
0.059
0.065
0.072
0.056
0.036
-0.087
0.007
0.047
-0.005
0.047
-0.044
-0.083
0.05
0.006
-0.102
-0.003
0.025
-0.007
0.046
-0.057
0.041
-0.078
-0.061
-0.018
0.032
0.033
0.053
-0.041
0.109
0.119
-0.049
-0.075
-0.01
0.041
0.044
0.021
0.042
0.08
-0.06
-0.046
-0.009
-0.038
0.05
-0.1
-0.092
0.039
-0.088
-0.074
0.09
-0.06
0.06
-0.063
0.062
-0.007
0.03
0.041
0.068
0.001
-0.082
-0.022
-0.018
-0.076
-0.001
-0.086
-0.109
0.001
-0.007
-0.058
-0.074
-0.039
-0.04
-0.079
-0.001
-0.036
0.01
0.058
-0.013
0.062
-0.07
-0.042
-0.015
0.05
-0.015
0.06
-0.099
0.062
0.029
0.015
0.053
0.038
-0.021
-0.085
0.047
-0.049
0.036
-0.079
0.014
-0.063
-0.049
0.027
0.002
0.051
-0.087
-0.04
-0.016
-0.083
-0.008
0.018
-0.03
0.018
-0.023
0.073
-0.061
-0.068
0.018
0.043
-0.037
-0.053
0.004
4.47035e-10
0.054
-0.02
-0.047
0.029
-0.103
-0.085
-0.088
0.075
0.021
-0.021
0.004
0.032
-0.032
0.046
-0.016
-0.095
-0.077
-0.009
-0.045
-0.06
0.013
0.011
-0.102
0.1
0.039
-0.057
0.025
-0.046
-0.057
0.02
0.035
-0.025
0.048
0.069
0.028
-0.041
0.072
0.059
-0.015
0.003
-0.069
-0.054
0.044
0.051
-0.012
0.057
0.024
0.02
0.003
-0.03
0.05
-0.021
0.029
-0.014
-0.088
0.062
-0.055
0.012
0.009
-0.088
-0.077
0.069
-0.057
0.063
0.06
-0.023
-0.08
-0.019
0.039
0.055
0.067
0.029
-0.024
0.093
0.097
-0.03
-0.095
-0.036
0.012
0.062
0.023
0.019
0.069
0.046
-0.062
0.014
0.011
0.064
-0.036
0.058
-0.025
-0.042
0.087
0.017
0.039
0.047
-0.056
0.067
0.062
0.004
-0.078
0.049
0.037
-0.072
-0.073
-0.064
-0.065
-0.01
-0.059
0.041
0.085
-0.011
0.02
-0.009
0.089
-0.01
0.099
0.069
0.052
0.11
0.02
-0.023
-0.074
-0.096
0.07
0.009
0.011
0.064
0.072
0.052
0.033
-0.072
-0.049
0.033
0.008
0.088
0.017
0.023
-0.053
-0.059
0.057
-0.051
0.087
-0.066
0.095
-0.054
-0.002
-0.049
-0.081
0.002
-0.097
-0.078
0.034
-0.038
0.035
-0.077
0.05
0.022
-0.02
-0.009
-0.017
-0.028
0.01
0.083
-0.121
0.054
0.026
-0.013
-0.08
-0.01
0.054
0.054
0.058
0.043
0.062
-0.041
-0.009
-0.043
0.098
0.052
-0.097
-0.004
-0.032
-0.043
-0.046
0.037
-0.002
-0.016
-0.083
0.035
-0.026
-0.104
0.04
-0.001
-0.015
0.036
0.023
0.039
0.041
-0.051
0.019
-0.035
0.028
-0.027
-0.062
-0.067
0.048
-0.082
-0.006
-0.05
-0.051
0.044
0.069
-0.05
0.05
0.028
0.048
-0.042
-0.02
-0.096
-0.078
-0.094
0.043
0.037
-0.03
0.004
0.04
0.02
-0.011
-0.021
0.093
0.031
2.23517e-10
-0.122
0.076
0.022
0.039
0.079
0.06
0
-0.028
0.036
-0.034
0.015
-0.003
-0.074
-0.031
0.025
-0.116
-0.014
-0.052
-0.053
0.014
0.069
-0.081
-0.082
-0.029
0.081
-0.043
-0.034
-0.102
0.029
0.045
0.065
-0.045
0.087
0.092
0.088
-0.059
-0.094
0.051
0.086
-0.077
-0.055
0.032
-0.025
0.049
0.014
0.045
-0.047
-0.069
0.063
0.084
-0.069
0.068
0.084
-0.053
0.06
0.011
-0.065
0.059
-0.022
0.042
0.072
-0.062
0.082
0.072
-0.027
0.084
0.083
-0.034
-0.073
-0.059
-0.096
0.022
-0.078
-0.035
-0.051
0.013
0.092
0.115
0.102
0.07
-0.007
-0.054
-0.01
-0.026
-0.031
-0.102
-0.106
-0.023
-0.094
0.006
0.063
0.011
0.078
0.009
0.081
0.021
-0.031
0.099
0.039
0.033
0.005
0.018
-0.07
0.065
-0.035
0.051
-0.051
0.035
-0.051
-0.043
-0.003
0.032
-0.022
-0.07
-0.082
0.015
-0.061
-0.077
-0.011
-0.04
0.076
0.084
-0.038
0.072
-0.107
0.014
0.111
-0.064
0.035
0.096
-0.065
0.046
-0.02
-0.087
-0.098
-0.036
0.098
0.036
0.048
0.045
-0.055
0.013
-0.05
-0.017
0.025
0.02
0.063
-0.045
-0.094
0.029
-0.055
-0.088
0.087
-0.007
-0.068
0.058
-0.116
-0.028
-0.038
0.033
-0.078
0.029
-0.054
0.042
0.029
-0.044
0.084
-0.008
0.034
-0.002
0.065
-0.068
-0.003
0.075
-0.046
-0.087
0.042
-0.003
-0.046
0.059
-0.083
0.065
0.016
-0.047
0.078
0.033
0.059
0.057
-0.026
-0.017
-0.024
-0.011
-0.04
0.026
-0.034
-0.102
0.019
-0.083
0.113
-0.057
0.063
-0.095
0.036
0.06
-0.019
-0.094
0.07
0.087
0.073
-0.067
0.079
-0.003
-0.082
-0.069
0.028
-0.002
-0.123
-0.001
0.022
0.056
0.066
-0.043
0.035
-0.074
0.042
-0.01
-0.063
-0.066
-0.047
-0.036
0.061
0.048
0.031
-0.089
0.079
0.053
0.037
0.051
-0.044
-0.006
-0.1
0.004
-0.006
0.035
-0.028
-0.074
-0.023
-0.018
-0.039
-0.036
0.036
-0.074
-0.072
0.056
-0.038
0.047
0.065
-0.089
0.084
-0.055
0.02
-0.042
0.002
0.067
-0.009
0.005
0.088
-0.036
-0.089
0.072
-0.038
-0.01
0.042
0.023
-0.099
0.073
0.07
0.031
-0.078
0.087
0.04
0.021
0.051
-0.063
0.097
0.095
0.023
-0.033
-0.008
-0.087
0.098
-0.096
-0.084
0.057
0.062
-0.099
-0.053
0.045
-0.083
-0.033
-0.086
0.078
0.007
-0.107
0.047
-0.041
-0.081
0.029
0.093
0.087
0.088
-0.067
0.095
-0.017
0.004
-0.004
0.076
0.052
-0.045
-0.087
-0.01
-0.066
0.019
0.07
-0.053
-0.088
0.071
0.012
0.095
-0.059
0.008
0.061
0.015
-0.081
-0.049
-0.089
0.062
0.047
-0.024
-0.066
-0.099
-0.002
0.021
0.062
0.037
-0.058
0.045
0.019
-0.021
-0.009
0.076
-0.053
-0.063
0.068
0.058
0.004
0.009
-0.045
0.098
0.056
0.098
-0.084
0.035
-0.034
-0.04
-0.009
0.074
-0.077
0.057
0.033
0.07
-0.066
-999
